10 10 3
-0.12075661601275213 -22.508337924105515 3.2676924780974628 
-0.12075661601275213 9.594555947606919 -10.235849616643899 
-0.12075661601275213 16.516114267278006 12.518386392511351 
-0.12075661601275213 7.133583501102101 5.140632926174318 
-0.12075661601275213 16.913447681503452 -3.5715983940131077 
-0.12075661601275213 11.014051515247026 6.5533178846013005 
-0.12075661601275213 4.701909627898865 23.498454909513995 
-0.12075661601275213 -0.38004688493593597 4.493077542747995 
-0.12075661601275213 -2.1082851958199242 -6.896837970018467 
-0.12075661601275213 8.12636047956094 18.309632736647043 
-0.12075661601275213 -2.526985660978778 -6.200996170660289 
-0.12075661601275213 -4.581472150967277 -6.68479238683279 
-0.12075661601275213 -12.707663711831076 4.597386039123538 
-0.12075661601275213 -3.938001109514496 -9.7730592702786 
-0.12075661601275213 -6.891162072426741 6.261993605439288 
-0.12075661601275213 -6.198492501438835 -4.917215928880296 
-0.12075661601275213 -2.153298804714856 -0.3882085407537029 
-0.12075661601275213 -3.6667119311375527 4.888982614919227 
-0.12075661601275213 3.3186300614734856 -10.082312592934922 
-0.12075661601275213 0.42090855697628365 8.790089837282942 
-0.12075661601275213 8.27265025209765 -7.137480539660448 
-0.12075661601275213 5.482987232222742 -8.520204278469036 
-0.12075661601275213 12.19149262900673 2.626337989133875 
-0.12075661601275213 -8.337592178836996 -0.6015801792764655 
-0.12075661601275213 10.582931363565251 -0.4488752339912079 
-0.12075661601275213 3.902376625620368 -1.5009823811295793 
-0.12075661601275213 -6.103946992375447 -0.5790094593962866 
-0.12075661601275213 -14.256894976751882 -5.0731785153629385 
-0.12075661601275213 2.423733501786379 5.487394812059952 
-0.12075661601275213 -3.14203252315902 -1.6296697145044963 
-0.12075661601275213 11.643829054082193 -7.812217176932693 
-0.12075661601275213 -9.893798201971817 8.737728703786507 
-0.12075661601275213 -4.421162714943406 -11.818589391197465 
-0.12075661601275213 10.141121699860085 -0.0004309948233283123 
-0.12075661601275213 -7.418462642976431 -3.116147618530837 
-0.12075661601275213 -0.2787422900037681 -0.7974270915605635 
-0.12075661601275213 -3.4544460638638177 -7.49017562998141 
-0.12075661601275213 9.375849770028678 1.7165018127804785 
-0.12075661601275213 -12.153306370643534 -2.6808515263108528 
-0.12075661601275213 2.7036194215732747 3.461382012546349 
-0.12075661601275213 8.47603690549572 -6.060221484932175 
-0.12075661601275213 12.800580876694204 -0.5707726248524339 
-0.12075661601275213 -11.152340531759476 6.827334409255197 
-0.12075661601275213 -11.6375150070892 1.6016123234329176 
-0.12075661601275213 1.2156288566693085 3.8768025829188075 
-0.12075661601275213 7.518489977204838 7.020162482742368 
-0.12075661601275213 6.473370054465728 8.623658984748914 
-0.12075661601275213 10.173558380447519 -6.882415271044341 
-0.12075661601275213 -20.813079948362095 -9.370770357220277 
-0.12075661601275213 2.0566241418505737 -10.023719010137079 
-0.12075661601275213 -0.39932497402177886 -2.653602021851442 
-0.12075661601275213 1.5422801783986737 -5.11260123838275 
-0.12075661601275213 -3.564117813631674 -4.011907580592468 
-0.12075661601275213 -8.63633216233054 -11.735726447190997 
-0.12075661601275213 5.653320830425446 -3.424107004239555 
-0.12075661601275213 -9.661805834661047 10.005420445857071 
-0.12075661601275213 -12.608227248119357 -0.3476998238867074 
-0.12075661601275213 -12.465454855197857 -3.40291222292489 
-0.12075661601275213 6.696126434508485 7.068547970757143 
-0.12075661601275213 -0.2293598311599107 -9.769442393482551 
-0.12075661601275213 0.4884087725154486 3.000528488042741 
-0.12075661601275213 2.201825779987447 -15.398514331330327 
-0.12075661601275213 -12.584657669866978 -7.966391936401738 
-0.12075661601275213 14.066476705028418 -2.9102723022742722 
-0.12075661601275213 -1.0064267720099416 -0.5481989586364885 
-0.12075661601275213 -6.63747880346319 -6.037117817104804 
-0.12075661601275213 -1.2410847861182868 1.0598285239027616 
-0.12075661601275213 13.949938976588315 -8.429190433250895 
-0.12075661601275213 -0.8247486328662065 -3.3946171048806946 
-0.12075661601275213 -0.8775853384760841 -14.335132782068342 
-0.12075661601275213 7.4065454759769755 -8.174373745316457 
-0.12075661601275213 2.5253649493456156 -6.115816794506902 
-0.12075661601275213 11.270807221617442 -0.9544625764404431 
-0.12075661601275213 5.033007762412721 -10.791725350471312 
-0.12075661601275213 7.733677601656313 -5.072734106093409 
-0.12075661601275213 14.856059413195776 -3.677851577980893 
-0.12075661601275213 1.1566337994693325 3.8053744747931595 
-0.12075661601275213 -2.0701490123433586 -12.08850676942076 
-0.12075661601275213 -5.945175192594163 4.217254682433422 
-0.12075661601275213 4.527166638782269 -22.58966791476225 
-0.12075661601275213 2.536873485805608 30.335082251169098 
-0.12075661601275213 -2.7623116979953974 4.235366816916537 
-0.12075661601275213 0.9766359383301595 -6.997809175979922 
-0.12075661601275213 1.856256700815997 -7.720585186083957 
-0.12075661601275213 -12.916204319423795 -1.3563514448413148 
-0.12075661601275213 15.068568593532849 8.996740201255442 
-0.12075661601275213 5.98980768356053 -13.791666950239607 
-0.12075661601275213 -5.4791040998126554 8.712387014598864 
-0.12075661601275213 -7.95168912815325 6.886838923784662 
-0.12075661601275213 -1.1837918002232786 21.153682057394157 
-0.12075661601275213 -15.145098991651558 12.339353053005867 
-0.12075661601275213 -6.329234172795224 -2.58864210130072 
-0.12075661601275213 15.396031461579836 -8.30363771859763 
-0.12075661601275213 7.936042997407166 -1.3180698174618999 
-0.12075661601275213 -12.334581381819657 -7.034986857877376 
-0.12075661601275213 -9.38907494932615 20.84306597486088 
-0.12075661601275213 -2.1336400411428875 -12.344986788513351 
-0.12075661601275213 -3.6387969865546315 -12.387122922235074 
-0.12075661601275213 -1.6459202998577864 -14.355056004340904 
-0.12075661601275213 10.723317254038358 -19.05193871217465 
